//
// Commands on geo test data
//

showTables
SHOW TABLES "geo";

 name:s        | type:s
geo            |BASE TABLE
;

// DESCRIBE

describe
DESCRIBE "geo";

       column:s      |   type:s   |  mapping:s
city                 | VARCHAR    | KEYWORD
location             | OTHER      | GEO_POINT
region               | VARCHAR    | KEYWORD
region_point         | VARCHAR    | KEYWORD
shape                | OTHER      | GEO_SHAPE
;

// SELECT ALL
// TODO: For now we just get geopoint formatted as is and we also need to convert it to STRING to work with CSV

selectAllPointsAsStrings
SELECT city, CAST(location AS STRING) location, CAST(shape AS STRING) shape, region FROM "geo" ORDER BY "city";

     city:s    |      location:s                       |             shape:s          |  region:s
Amsterdam      |52.347556999884546, 4.850311987102032  |point (4.850312 52.347557)    |Europe
Berlin         |52.48670099303126, 13.390888944268227  |point (13.390889 52.486701)   |Europe
Chicago        |41.888782968744636, -87.63787407428026 |point (-87.637874 41.888783)  |Americas
Hong Kong      |22.28139698971063, 114.18392493389547  |point (114.183925 22.281397)  |Asia
London         |51.51087098289281, -0.12167204171419144|point (-0.121672 51.510871)   |Europe
Mountain View  |37.38648299127817, -122.08384302444756 |point (-122.083843 37.386483) |Americas
Munich         |48.14632098656148, 11.537504978477955  |point (11.537505 48.146321)   |Europe
New York       |40.74517097789794, -73.9900270756334   |point (-73.990027 40.745171)  |Americas
Paris          |48.84553796611726, 2.3517729341983795  |point (2.351773 48.845538)    |Europe
Phoenix        |33.37624196894467, -111.97350500151515 |point (-111.973505 33.376242) |Americas
San Francisco  |37.789540970698, -122.39422800019383   |point (-122.394228 37.789541) |Americas
Seoul          |37.50913198571652, 127.06085099838674  |point (127.060851 37.509132)  |Asia
Singapore      |1.2958679627627134, 103.8555349688977  |point (103.855535 1.295868)   |Asia
Sydney         |-33.863385021686554, 151.20862897485495|point (151.208629 -33.863385) |Asia
Tokyo          |35.66961596254259, 139.76402222178876  |point (139.76402225 35.669616)|Asia
;

// TODO: Both shape and location contain the same data for now, we should change it later to make things more interesting
selectAllPointsAsWKT
SELECT city, ST_ASWKT(location) location_wkt, ST_ASWKT(shape) shape_wkt, region FROM "geo" ORDER BY "city";

     city:s    |                     location_wkt:s           |        shape_wkt:s           |  region:s
Amsterdam      |point (4.850311987102032 52.347556999884546)  |point (4.850312 52.347557)    |Europe
Berlin         |point (13.390888944268227 52.48670099303126)  |point (13.390889 52.486701)   |Europe
Chicago        |point (-87.63787407428026 41.888782968744636) |point (-87.637874 41.888783)  |Americas
Hong Kong      |point (114.18392493389547 22.28139698971063)  |point (114.183925 22.281397)  |Asia
London         |point (-0.12167204171419144 51.51087098289281)|point (-0.121672 51.510871)   |Europe
Mountain View  |point (-122.08384302444756 37.38648299127817) |point (-122.083843 37.386483) |Americas
Munich         |point (11.537504978477955 48.14632098656148)  |point (11.537505 48.146321)   |Europe
New York       |point (-73.9900270756334 40.74517097789794)   |point (-73.990027 40.745171)  |Americas
Paris          |point (2.3517729341983795 48.84553796611726)  |point (2.351773 48.845538)    |Europe
Phoenix        |point (-111.97350500151515 33.37624196894467) |point (-111.973505 33.376242) |Americas
San Francisco  |point (-122.39422800019383 37.789540970698)   |point (-122.394228 37.789541) |Americas
Seoul          |point (127.06085099838674 37.50913198571652)  |point (127.060851 37.509132)  |Asia
Singapore      |point (103.8555349688977 1.2958679627627134)  |point (103.855535 1.295868)   |Asia
Sydney         |point (151.20862897485495 -33.863385021686554)|point (151.208629 -33.863385) |Asia
Tokyo          |point (139.76402222178876 35.66961596254259)  |point (139.76402225 35.669616)|Asia
;

selectWithAsWKTInWhere
SELECT city, ST_ASWKT(location) location_wkt, region FROM "geo" WHERE LOCATE('114', ST_ASWKT(location)) > 0 ORDER BY "city";

     city:s    |                   location_wkt:s           |  region:s
Hong Kong      |point (114.18392493389547 22.28139698971063)|Asia
;

selectAllPointsOrderByLonFromAsWKT
SELECT city, SUBSTRING(ST_ASWKT(location), 8, LOCATE(' ', ST_ASWKT(location), 8) - 8) lon FROM "geo" ORDER BY lon;

     city:s    |  lon:s
London         |-0.12167204171419144
Phoenix        |-111.97350500151515
Mountain View  |-122.08384302444756
San Francisco  |-122.39422800019383
New York       |-73.9900270756334
Chicago        |-87.63787407428026
Singapore      |103.8555349688977
Munich         |11.537504978477955
Hong Kong      |114.18392493389547
Seoul          |127.06085099838674
Berlin         |13.390888944268227
Tokyo          |139.76402222178876
Sydney         |151.20862897485495
Paris          |2.3517729341983795
Amsterdam      |4.850311987102032
;

selectAllPointsGroupByHemisphereFromAsWKT
SELECT COUNT(city) count, CAST(SUBSTRING(ST_ASWKT(location), 8, 1) = '-' AS STRING) west FROM "geo" GROUP BY west ORDER BY west;

    count:l    |  west:s
9              |false
6              |true
;

selectRegionUsingWktToSql
SELECT region, city, ST_ASWKT(ST_WKTTOSQL(region_point)) region_wkt  FROM geo ORDER BY region, city;

   region:s    |    city:s     |       region_wkt:s
Americas       |Chicago        |point (-105.2551 54.526)
Americas       |Mountain View  |point (-105.2551 54.526)
Americas       |New York       |point (-105.2551 54.526)
Americas       |Phoenix        |point (-105.2551 54.526)
Americas       |San Francisco  |point (-105.2551 54.526)
Asia           |Hong Kong      |point (100.6197 34.0479)
Asia           |Seoul          |point (100.6197 34.0479)
Asia           |Singapore      |point (100.6197 34.0479)
Asia           |Sydney         |point (100.6197 34.0479)
Asia           |Tokyo          |point (100.6197 34.0479)
Europe         |Amsterdam      |point (15.2551 54.526)
Europe         |Berlin         |point (15.2551 54.526)
Europe         |London         |point (15.2551 54.526)
Europe         |Munich         |point (15.2551 54.526)
Europe         |Paris          |point (15.2551 54.526)
;

selectCitiesWithAGroupByWktToSql
SELECT COUNT(city) city_by_region, CAST(ST_WKTTOSQL(region_point) AS STRING) region FROM geo WHERE city LIKE '%a%' GROUP BY ST_WKTTOSQL(region_point) ORDER BY ST_WKTTOSQL(region_point);

 city_by_region:l    |       region:s
3                    |point (-105.2551 54.526)
1                    |point (100.6197 34.0479)
2                    |point (15.2551 54.526)
;

selectCitiesWithEOrderByWktToSql
SELECT region, city FROM geo WHERE city LIKE '%e%' ORDER BY ST_WKTTOSQL(region_point), city;

   region:s    |    city:s
Americas       |Mountain View
Americas       |New York
Americas       |Phoenix
Asia           |Seoul
Asia           |Singapore
Asia           |Sydney
Europe         |Amsterdam
Europe         |Berlin
;

groupByDimension
SELECT COUNT(*) cnt, ST_Dimension(location) dim FROM geo GROUP BY ST_Dimension(location);

     cnt:l     |      dim:sh
15             |0
;

groupByGeometryType
SELECT COUNT(*) cnt, ST_GeometryType(location) gt FROM geo GROUP BY ST_GeometryType(location);

     cnt:l     |      gt:s
15             |Point
;

groupByEastWest
SELECT COUNT(*) cnt, FLOOR(ST_X(location)/90) east FROM geo GROUP BY east ORDER BY east;

     cnt:l     |     east:l
3              |-2
3              |-1
4              |0
5              |1
;

groupByNorthSouth
SELECT COUNT(*) cnt, FLOOR(ST_Y(location)/45) north FROM geo GROUP BY north ORDER BY north;

     cnt:l     |      north:l
1              |-1
9              |0
5              |1
;

groupByXMaxYMin
SELECT COUNT(*) cnt, FLOOR(ST_YMin(location)/45) north, FLOOR(ST_XMax(location)/90) east FROM geo GROUP BY north, east ORDER BY north, east;

     cnt:l     |     north:l   |    east:l
1              |-1             |1
3              |0              |-2
2              |0              |-1
4              |0              |1
1              |1              |-1
4              |1              |0
;

groupByXMinYMax
SELECT COUNT(*) cnt, FLOOR(ST_YMax(location)/45) north, FLOOR(ST_XMin(location)/90) east FROM geo GROUP BY north, east ORDER BY north, east;

     cnt:l     |     north:l   |    east:l
1              |-1             |1
3              |0              |-2
2              |0              |-1
4              |0              |1
1              |1              |-1
4              |1              |0
;


selectFilterByXOfLocation
SELECT city, ST_X(shape) x, ST_Y(shape) y FROM geo WHERE ST_X(location) > 0 ORDER BY ST_Y(location);

   city:s      |      x:d      |     y:d
Sydney         |151.208629     |-33.863385
Singapore      |103.855535     |1.295868
Hong Kong      |114.183925     |22.281397
Tokyo          |139.76402225   |35.669616
Seoul          |127.060851     |37.509132
Munich         |11.537505      |48.146321
Paris          |2.351773       |48.845538
Amsterdam      |4.850312       |52.347557
Berlin         |13.390889      |52.486701
;

selectFilterByRegionPoint
SELECT city, region FROM geo WHERE ST_X(ST_WKTTOSQL(region_point)) < 0 ORDER BY ST_X(location);

    city:s     |   region:s
San Francisco  |Americas
Mountain View  |Americas
Phoenix        |Americas
Chicago        |Americas
New York       |Americas
;